-1.400000000000000000e+03
-1.394062500000000000e+03
-1.388125000000000000e+03
-1.382187500000000000e+03
-1.376250000000000000e+03
-1.370312500000000000e+03
-1.364375000000000000e+03
-1.358437500000000000e+03
-1.352500000000000000e+03
-1.346562500000000000e+03
-1.340625000000000000e+03
-1.334687500000000000e+03
-1.328750000000000000e+03
-1.322812500000000000e+03
-1.316875000000000000e+03
-1.310937500000000000e+03
-1.305000000000000000e+03
-1.299062500000000000e+03
-1.293125000000000000e+03
-1.287187500000000000e+03
-1.281250000000000000e+03
-1.275312500000000000e+03
-1.269375000000000000e+03
-1.263437500000000000e+03
-1.257500000000000000e+03
-1.251562500000000000e+03
-1.245625000000000000e+03
-1.239687500000000000e+03
-1.233750000000000000e+03
-1.227812500000000000e+03
-1.221875000000000000e+03
-1.215937500000000000e+03
-1.210000000000000000e+03
-1.204062500000000000e+03
-1.198125000000000000e+03
-1.192187500000000000e+03
-1.186250000000000000e+03
-1.180312500000000000e+03
-1.174375000000000000e+03
-1.168437500000000000e+03
-1.162500000000000000e+03
-1.156562500000000000e+03
-1.150625000000000000e+03
-1.144687500000000000e+03
-1.138750000000000000e+03
-1.132812500000000000e+03
-1.126875000000000000e+03
-1.120937500000000000e+03
-1.115000000000000000e+03
-1.109062500000000000e+03
-1.103125000000000000e+03
-1.097187500000000000e+03
-1.091250000000000000e+03
-1.085312500000000000e+03
-1.079375000000000000e+03
-1.073437500000000000e+03
-1.067500000000000000e+03
-1.061562500000000000e+03
-1.055625000000000000e+03
-1.049687500000000000e+03
-1.043750000000000000e+03
-1.037812500000000000e+03
-1.031875000000000000e+03
-1.025937500000000000e+03
-1.020000000000000000e+03
-1.014062500000000000e+03
-1.008125000000000000e+03
-1.002187500000000000e+03
-9.962500000000000000e+02
-9.903125000000000000e+02
-9.843750000000000000e+02
-9.784375000000000000e+02
-9.725000000000000000e+02
-9.665625000000000000e+02
-9.606250000000000000e+02
-9.546875000000000000e+02
-9.487500000000000000e+02
-9.428125000000000000e+02
-9.368750000000000000e+02
-9.309375000000000000e+02
-9.250000000000000000e+02
-9.190625000000000000e+02
-9.131250000000000000e+02
-9.071875000000000000e+02
-9.012500000000000000e+02
-8.953125000000000000e+02
-8.893750000000000000e+02
-8.834375000000000000e+02
-8.775000000000000000e+02
-8.715625000000000000e+02
-8.656250000000000000e+02
-8.596875000000000000e+02
-8.537500000000000000e+02
-8.478125000000000000e+02
-8.418750000000000000e+02
-8.359375000000000000e+02
-8.300000000000000000e+02
-8.240625000000000000e+02
-8.181250000000000000e+02
-8.121875000000000000e+02
-8.062500000000000000e+02
-8.003125000000000000e+02
-7.943750000000000000e+02
-7.884375000000000000e+02
-7.825000000000000000e+02
-7.765625000000000000e+02
-7.706250000000000000e+02
-7.646875000000000000e+02
-7.587500000000000000e+02
-7.528125000000000000e+02
-7.468750000000000000e+02
-7.409375000000000000e+02
-7.350000000000000000e+02
-7.290625000000000000e+02
-7.231250000000000000e+02
-7.171875000000000000e+02
-7.112500000000000000e+02
-7.053125000000000000e+02
-6.993750000000000000e+02
-6.934375000000000000e+02
-6.875000000000000000e+02
-6.815625000000000000e+02
-6.756250000000000000e+02
-6.696875000000000000e+02
-6.637500000000000000e+02
-6.578125000000000000e+02
-6.518750000000000000e+02
-6.459375000000000000e+02
-6.400000000000000000e+02
-6.340625000000000000e+02
-6.281250000000000000e+02
-6.221875000000000000e+02
-6.162500000000000000e+02
-6.103125000000000000e+02
-6.043750000000000000e+02
-5.984375000000000000e+02
-5.925000000000000000e+02
-5.865625000000000000e+02
-5.806250000000000000e+02
-5.746875000000000000e+02
-5.687500000000000000e+02
-5.628125000000000000e+02
-5.568750000000000000e+02
-5.509375000000000000e+02
-5.450000000000000000e+02
-5.390625000000000000e+02
-5.331250000000000000e+02
-5.271875000000000000e+02
-5.212500000000000000e+02
-5.153125000000000000e+02
-5.093750000000000000e+02
-5.034375000000000000e+02
-4.975000000000000000e+02
-4.915625000000000000e+02
-4.856250000000000000e+02
-4.796875000000000000e+02
-4.737500000000000000e+02
-4.678125000000000000e+02
-4.618750000000000000e+02
-4.559375000000000000e+02
-4.500000000000000000e+02
-4.440625000000000000e+02
-4.381250000000000000e+02
-4.321875000000000000e+02
-4.262500000000000000e+02
-4.203125000000000000e+02
-4.143750000000000000e+02
-4.084375000000000000e+02
-4.025000000000000000e+02
-3.965625000000000000e+02
-3.906250000000000000e+02
-3.846875000000000000e+02
-3.787500000000000000e+02
-3.728125000000000000e+02
-3.668750000000000000e+02
-3.609375000000000000e+02
-3.550000000000000000e+02
-3.490625000000000000e+02
-3.431250000000000000e+02
-3.371875000000000000e+02
-3.312500000000000000e+02
-3.253125000000000000e+02
-3.193750000000000000e+02
-3.134375000000000000e+02
-3.075000000000000000e+02
-3.015625000000000000e+02
-2.956250000000000000e+02
-2.896875000000000000e+02
-2.837500000000000000e+02
-2.778125000000000000e+02
-2.718750000000000000e+02
-2.659375000000000000e+02
-2.600000000000000000e+02
-2.540625000000000000e+02
-2.481250000000000000e+02
-2.421875000000000000e+02
-2.362500000000000000e+02
-2.303125000000000000e+02
-2.243750000000000000e+02
-2.184375000000000000e+02
-2.125000000000000000e+02
-2.065625000000000000e+02
-2.006250000000000000e+02
-1.946875000000000000e+02
-1.887500000000000000e+02
-1.828125000000000000e+02
-1.768750000000000000e+02
-1.709375000000000000e+02
-1.650000000000000000e+02
-1.590625000000000000e+02
-1.531250000000000000e+02
-1.471875000000000000e+02
-1.412500000000000000e+02
-1.353125000000000000e+02
-1.293750000000000000e+02
-1.234375000000000000e+02
-1.175000000000000000e+02
-1.115625000000000000e+02
-1.056250000000000000e+02
-9.968750000000000000e+01
-9.375000000000000000e+01
-8.781250000000000000e+01
-8.187500000000000000e+01
-7.593750000000000000e+01
-7.000000000000000000e+01
-6.406250000000000000e+01
-5.812500000000000000e+01
-5.218750000000000000e+01
-4.625000000000000000e+01
-4.031250000000000000e+01
-3.437500000000000000e+01
-2.843750000000000000e+01
-2.250000000000000000e+01
-1.656250000000000000e+01
-1.062500000000000000e+01
-4.687500000000000000e+00
1.250000000000000000e+00
7.187500000000000000e+00
1.312500000000000000e+01
1.906250000000000000e+01
2.500000000000000000e+01
3.093750000000000000e+01
3.687500000000000000e+01
4.281250000000000000e+01
4.875000000000000000e+01
5.468750000000000000e+01
6.062500000000000000e+01
6.656250000000000000e+01
7.250000000000000000e+01
7.843750000000000000e+01
8.437500000000000000e+01
9.031250000000000000e+01
9.625000000000000000e+01
1.021875000000000000e+02
1.081250000000000000e+02
1.140625000000000000e+02
1.200000000000000000e+02
1.259375000000000000e+02
1.318750000000000000e+02
1.378125000000000000e+02
1.437500000000000000e+02
1.496875000000000000e+02
1.556250000000000000e+02
1.615625000000000000e+02
1.675000000000000000e+02
1.734375000000000000e+02
1.793750000000000000e+02
1.853125000000000000e+02
1.912500000000000000e+02
1.971875000000000000e+02
2.031250000000000000e+02
2.090625000000000000e+02
2.150000000000000000e+02
2.209375000000000000e+02
2.268750000000000000e+02
2.328125000000000000e+02
2.387500000000000000e+02
2.446875000000000000e+02
2.506250000000000000e+02
2.565625000000000000e+02
2.625000000000000000e+02
2.684375000000000000e+02
2.743750000000000000e+02
2.803125000000000000e+02
2.862500000000000000e+02
2.921875000000000000e+02
2.981250000000000000e+02
3.040625000000000000e+02
3.100000000000000000e+02
3.159375000000000000e+02
3.218750000000000000e+02
3.278125000000000000e+02
3.337500000000000000e+02
3.396875000000000000e+02
3.456250000000000000e+02
3.515625000000000000e+02
3.575000000000000000e+02
3.634375000000000000e+02
3.693750000000000000e+02
3.753125000000000000e+02
3.812500000000000000e+02
3.871875000000000000e+02
3.931250000000000000e+02
3.990625000000000000e+02
4.050000000000000000e+02
4.109375000000000000e+02
4.168750000000000000e+02
4.228125000000000000e+02
4.287500000000000000e+02
4.346875000000000000e+02
4.406250000000000000e+02
4.465625000000000000e+02
4.525000000000000000e+02
4.584375000000000000e+02
4.643750000000000000e+02
4.703125000000000000e+02
4.762500000000000000e+02
4.821875000000000000e+02
4.881250000000000000e+02
4.940625000000000000e+02
5.000000000000000000e+02
5.059375000000000000e+02
5.118750000000000000e+02
5.178125000000000000e+02
5.237500000000000000e+02
5.296875000000000000e+02
5.356250000000000000e+02
5.415625000000000000e+02
5.475000000000000000e+02
5.534375000000000000e+02
5.593750000000000000e+02
5.653125000000000000e+02
5.712500000000000000e+02
5.771875000000000000e+02
5.831250000000000000e+02
5.890625000000000000e+02
5.950000000000000000e+02
6.009375000000000000e+02
6.068750000000000000e+02
6.128125000000000000e+02
6.187500000000000000e+02
6.246875000000000000e+02
6.306250000000000000e+02
6.365625000000000000e+02
6.425000000000000000e+02
6.484375000000000000e+02
6.543750000000000000e+02
6.603125000000000000e+02
6.662500000000000000e+02
6.721875000000000000e+02
6.781250000000000000e+02
6.840625000000000000e+02
6.900000000000000000e+02
6.959375000000000000e+02
7.018750000000000000e+02
7.078125000000000000e+02
7.137500000000000000e+02
7.196875000000000000e+02
7.256250000000000000e+02
7.315625000000000000e+02
7.375000000000000000e+02
7.434375000000000000e+02
7.493750000000000000e+02
7.553125000000000000e+02
7.612500000000000000e+02
7.671875000000000000e+02
7.731250000000000000e+02
7.790625000000000000e+02
7.850000000000000000e+02
7.909375000000000000e+02
7.968750000000000000e+02
8.028125000000000000e+02
8.087500000000000000e+02
8.146875000000000000e+02
8.206250000000000000e+02
8.265625000000000000e+02
8.325000000000000000e+02
8.384375000000000000e+02
8.443750000000000000e+02
8.503125000000000000e+02
8.562500000000000000e+02
8.621875000000000000e+02
8.681250000000000000e+02
8.740625000000000000e+02
8.800000000000000000e+02
8.859375000000000000e+02
8.918750000000000000e+02
8.978125000000000000e+02
9.037500000000000000e+02
9.096875000000000000e+02
9.156250000000000000e+02
9.215625000000000000e+02
9.275000000000000000e+02
9.334375000000000000e+02
9.393750000000000000e+02
9.453125000000000000e+02
9.512500000000000000e+02
9.571875000000000000e+02
9.631250000000000000e+02
9.690625000000000000e+02
9.750000000000000000e+02
